234 8
ITA -0.5423614 1.2972213 -0.5284621 0.40523586 -1.1906766 0.1396391 1.8234617 0.17831531
RUS 0.43764508 -0.40872985 -0.2175098 0.15140682 0.03847275 -0.039040484 0.4022462 -1.1626464
KAZ 0.59699136 -0.1812351 -0.58849263 0.14977351 -0.054629296 0.034882143 0.48105794 -0.9594756
ARM 0.5199497 -0.25316402 -0.28073254 0.15945052 -0.02821733 -0.006437098 0.444136 -1.078051
FRA -0.5803044 0.2724804 0.14570047 0.45369983 -0.83180463 0.45683384 0.14835227 -0.47779933
ESP -0.6347642 0.15329881 -0.047815587 0.4913546 -1.0522568 0.19959658 0.035070017 -0.26879686
AZE 0.51083565 -0.46103358 -0.46304625 0.13172568 -0.14484388 0.08793808 0.13872387 -0.88153267
MKD -0.042684823 1.0476414 0.013920192 0.6911067 -0.73726666 0.9666847 -0.42883304 -0.6088724
DZA -0.56245 0.546628 0.14500162 0.70843244 -0.82692313 0.031477332 -0.10204186 -0.6889476
ALB -0.03486436 1.0517101 -0.035812244 0.72435975 -0.5766907 0.91070426 0.038354088 -0.458753
MAR -0.595484 0.4856055 0.32066545 0.5430939 -1.1088387 0.05731151 -0.022346867 -0.5112785
TUR -0.22547391 0.3118149 -0.20983198 0.3587295 -0.7159479 0.58233494 0.24988377 -0.43931514
MNE -0.082575075 0.94896 0.072255306 0.71285105 -0.6264612 0.660555 -0.13190906 -0.5903252
LBY -0.4556298 0.4774757 -0.1803525 0.48007512 -0.90798604 0.6604016 -0.058076497 -0.39252156
TUN -0.53564644 0.44705907 -0.24740776 0.43342602 -0.79738736 0.6303506 0.02108798 -0.6141027
CHE -0.41476136 0.2192726 0.0037010736 0.55716527 -0.5269236 0.31764194 0.07449868 -0.6527864
SRB -0.40226552 0.79433185 0.124063574 0.4361738 -0.86129826 0.9292458 0.104080655 -0.5878553
GRC -0.124413274 0.4988221 -0.39878765 0.40771523 -0.5491759 0.60388154 0.1536313 -0.68708104
SMR -0.39543554 0.22207645 -0.1785565 0.5607456 -0.61332345 0.4917316 0.0071878554 -0.42220226
PRT -0.77529675 -0.14153174 0.41559714 0.6708025 -0.68966633 0.27945682 -0.04567489 -0.33041382
MCO -0.3854851 0.36825806 0.0051928894 0.43301672 -0.79028505 0.5137998 0.09484413 -0.49964088
EGY -0.07301664 0.117182545 -0.5588807 0.20478955 -0.7096255 0.71367013 -0.07579241 -0.5740792
BIH -0.13597098 0.74746406 -0.124035314 0.6710911 -0.5211657 0.8859336 -0.16066796 -0.5797622
HRV -0.21772936 0.66164154 -0.15362856 0.5440126 -0.701578 0.6581365 -0.17443752 -0.64201695
AND -0.31868497 0.31032348 -0.13317497 0.58093095 -0.6487669 0.37834615 0.041687902 -0.39040938
SDN 0.29384157 0.34635085 -0.66763955 0.11178145 -0.77129716 0.93080837 -0.0067554796 -0.4419815
MLT -0.57362336 0.4250717 -0.16593607 0.40771985 -0.96830815 0.5109772 0.045685653 -0.48968235
MRT -0.91499877 0.17342174 0.46330374 0.69006026 -1.1089057 0.03151868 -0.03065541 -0.2546363
SVK -0.23488124 0.088144705 -0.2646923 0.2748247 -0.7190525 0.50555813 0.027194163 -0.5958756
SAU 0.34488943 0.2744154 -0.6890389 0.1423477 -0.6698993 0.6758636 0.1257 -0.48925123
JOR 0.07060453 0.1696776 -0.34284684 0.035298076 -0.8097275 0.69780856 0.11163185 -0.6365808
LBN -0.06137694 0.31685084 -0.48662576 0.3190858 -0.7219172 0.6389206 -0.055589534 -0.5003031
GIB -0.7566935 0.09331929 0.1886099 0.5700164 -0.8415343 0.24431652 0.0011122349 -0.44412214
CAN -0.18434173 -0.71560395 0.30339926 0.7143862 -0.03607031 -0.61926335 0.44881815 -0.52561986
GIN -1.1121904 -0.37825662 0.51591396 0.92211497 -1.0628785 0.037183385 -0.40889034 0.19272079
BGR -0.088894226 0.7935998 -0.28177232 0.58448064 -0.68727636 0.81643814 -0.07904799 -0.4601125
SEN -0.97670925 -0.2005449 0.69028604 0.7187845 -1.1122234 0.06950638 -0.08019614 0.032436777
ISR -0.08500268 0.36109954 -0.43579525 0.1577905 -0.70311445 0.6269139 0.13077657 -0.818952
PSE 0.02503432 0.22162285 -0.4417028 0.13132215 -0.84609526 0.63921857 0.045224708 -0.54955894
SYR 0.035151806 0.34186336 -0.41335395 0.40297785 -0.57368535 0.64540124 -0.064232856 -0.5633353
ERI 0.5284201 0.031037647 -0.7412796 0.03045348 -0.57731944 0.77952945 -0.014667342 -0.5927281
HUN -0.15375523 0.87955064 -0.23806122 0.6774115 -0.7031032 0.65824103 -0.087900825 -0.46411547
DJI 0.6906466 0.064491615 -0.8789909 -0.027873432 -0.6465512 0.86607784 -0.11408871 -0.5457534
CYP 0.12549 0.35469043 -0.3838309 0.19836766 -0.7511318 0.63732016 -0.030461555 -0.67790705
MLI -0.9577036 -0.31662166 0.72955877 0.80118287 -1.1066791 0.23233251 -0.27278724 0.20911376
ANT -0.7363739 -0.596255 1.0682555 1.0115284 -0.525252 -0.78926563 0.24106935 -0.14891604
CPV -0.8478822 -0.19089806 0.4740838 0.91552764 -0.8716007 -0.03837441 -0.11176656 0.11985147
ETH 0.5386868 0.2987242 -1.0472169 0.19924161 -0.61736757 0.7848865 -0.12028577 -0.4643451
ATG -0.629246 -0.40681103 1.000258 1.2392622 -0.35762683 -0.81574017 0.2448741 -0.030103954
YEM 0.45938495 -0.050907154 -0.84944415 -0.017529905 -0.59851897 0.82934064 -0.059355497 -0.58264637
MDA -0.1386091 0.40058875 -0.050276186 0.26588574 -0.81761205 0.5352696 0.13250515 -0.62749475
GMB -1.0770137 -0.31146193 0.6966217 0.9226833 -0.77855736 -0.038945448 -0.046902057 -0.039408628
ROU -0.22198193 0.89990836 -0.3145669 0.5429836 -0.66206527 0.8905126 -0.11674352 -0.681952
TTO -0.76440525 -0.7515839 0.9340224 1.016259 -0.6102238 -0.6557726 0.22722091 0.19845527
PRI -0.59346575 -0.65296 0.97964644 1.1819861 -0.303954 -0.76163846 0.41371152 0.17146266
LBR -0.9869903 -0.28890112 0.6660221 0.7528872 -1.2716473 0.23050167 -0.18512984 0.39079532
GRD -0.66454446 -0.66249925 0.9193606 1.0509725 -0.35905418 -0.7216838 0.35040316 -0.09109475
UKR -0.48275673 0.70460796 -0.1346942 0.4510461 -0.787647 0.7777966 -0.13436495 -0.8458362
DMA -0.605711 -0.624394 0.9473793 1.1410416 -0.32990256 -0.74102414 0.19592646 -0.020987371
MSR -0.68307054 -0.6427531 0.8993204 0.99284345 -0.41135153 -0.70192176 0.38697833 -0.10092306
AUT -0.51467633 0.5149038 -0.21683013 0.43980396 -0.85282314 0.43705747 0.08766903 -0.66309404
BRB -0.80003726 -0.39739013 1.106836 1.0877411 -0.5037537 -0.6178986 0.21336192 -0.14604992
SLE -0.75122464 -0.07119161 0.59154844 0.84966105 -1.110328 0.16435431 -0.20657943 0.27747375
GLP -0.6160296 -0.48332313 0.9187862 1.0494915 -0.49487907 -0.69152385 0.2819473 0.009275125
OMN 0.6103591 -0.38504413 -1.0188304 -0.14753497 -0.47190422 0.8127082 0.22603726 -0.47466505
GUF -0.7350898 -0.5334383 1.1095588 1.0244998 -0.67453337 -0.60744584 0.05201352 -0.02730766
LIE -0.18196566 0.562862 -0.3152337 0.32229713 -0.84010917 0.58332694 0.1649079 -0.546052
DOM -0.5876708 -0.6099185 1.0996773 1.1939714 -0.22885342 -0.93380797 0.5064094 -0.052344024
IRL -1.1258914 0.30010176 0.52145875 0.8045867 -0.7682169 -0.0140457535 0.29223454 -0.51362634
BEL -1.1641681 0.20577703 0.33579218 0.80934423 -0.8076063 0.028606145 0.05347853 -0.5529809
MTQ -0.78621376 -0.5595542 0.8195234 1.0984066 -0.42676866 -0.72260374 0.17127174 -0.16058058
LCA -0.7272167 -0.6452126 1.0038338 1.1991732 -0.15159544 -0.64001405 0.3448574 -0.067834824
GEO -0.26316842 0.60336655 -0.24681509 0.572977 -0.6079998 0.523634 0.13907932 -0.5375935
GNB -0.8961652 -0.24380042 0.5881924 0.98023313 -0.84104234 -0.08301859 -0.013917371 0.22803412
VCT -0.45247903 -0.6791866 0.9838522 1.0042945 -0.3591944 -0.59003925 0.4676682 0.115296334
NLD -0.9222161 0.24747784 0.3946614 0.7870726 -0.8017316 0.020684293 0.07684454 -0.45842028
VEN -0.6689547 -0.6465095 1.1260135 1.1410505 -0.38306448 -0.7333408 0.29689792 0.01612641
BMU -0.562877 -0.3357517 1.0288554 1.1166153 -0.41803175 -0.66907066 0.32425883 -0.054286145
SVN -0.33922997 0.4179621 -0.14782499 0.37329033 -0.7540873 0.2269725 0.2686897 -0.7227976
LUX -1.1104907 0.13737378 0.65526605 0.9207407 -0.603415 0.076214455 0.20835932 -0.4431564
SUR -0.7879433 -0.79229385 0.863955 1.0110004 -0.5102246 -0.49044874 0.18153712 0.15348567
GUY -0.7889437 -0.7568594 0.95622873 0.9533582 -0.7590914 -0.60059214 0.17004302 0.20288491
GBR -0.83038276 0.036026094 0.6611592 0.7455659 -0.6745139 0.03010079 0.08215687 -0.51336664
SOM 0.643511 -0.24821368 -1.0599875 -0.12303962 -0.570139 0.94257146 0.0124472985 -0.43813634
UGA 0.97122467 -0.3196772 -1.2295601 -0.15682806 -0.8094402 1.0484397 -0.37074426 -0.15428856
HTI -0.7179348 -0.6098632 1.0924431 1.156793 -0.12118292 -1.0225185 0.5751719 -0.34987655
KNA -0.57218146 -0.6432925 0.8818086 1.1142241 -0.2901147 -0.789636 0.40473402 -0.0017158777
VIR -0.8274717 -0.37275153 0.9693376 1.0708206 -0.52864915 -0.53802377 0.3542221 0.015104508
SPM -0.7502697 -0.12821364 0.88027817 1.0232676 -0.66952777 -0.3869233 0.1947908 -0.04337717
MUS 0.71372145 -0.7552898 -1.2310112 0.021982793 -0.58136535 0.750559 -0.1720498 0.06855381
SYC 0.91878855 -0.5227774 -1.1072134 -0.06402671 -0.5445805 0.83660734 -0.3665444 -0.30012473
FRO -0.835058 0.21349654 0.60398895 0.80706316 -0.6248288 0.021892317 0.17176497 -0.58924437
TCA -0.5221656 -0.5301328 0.9551705 1.1239868 -0.1649837 -0.634017 0.37699294 -0.14289533
COL -0.41443023 -0.7814164 0.96070284 1.1175799 -0.24211717 -1.0839618 0.48517632 0.01520087
DEU -1.0425504 0.36840922 0.495782 0.6202991 -1.1115723 -0.12430092 0.22089423 -0.551694
AIA -0.7685889 -0.41667598 0.9346006 0.9839322 -0.46306244 -0.86924565 0.69087607 -0.18345109
ABW -0.5162166 -0.9003329 1.0005856 1.1656389 -0.101054534 -0.8470816 0.3884196 -0.017923553
GHA -0.9224543 -0.33035767 0.5626797 0.9255335 -1.2023673 0.35421777 -0.46678728 0.58763283
CZE -1.0575691 0.25349706 0.770455 0.8977878 -0.8732061 0.024409724 0.1361942 -0.31818718
VGB -0.67001235 -0.61046207 0.9496669 1.0184599 -0.4124128 -0.67957133 0.2680828 -0.09380717
COD -0.50107 -0.31093216 0.002017549 0.7617886 -1.229437 0.83669204 -0.6601505 0.8667193
SWE -1.1416814 0.25685275 0.5077221 0.70831573 -0.9445302 0.23116799 0.12254474 -0.44856083
SWZ 0.5242608 -0.6992348 -0.93405837 0.29562104 -0.61203974 0.6775937 -0.24053778 0.4366568
ISL -1.1637112 0.23366721 0.7475277 0.8526316 -0.70538795 -0.053917423 0.20943636 -0.6194713
NAM -0.09272713 -0.79857486 -0.29648268 0.73386264 -0.7259855 0.4989995 -0.595861 0.69850993
NER -0.89801675 -0.19894527 0.39551616 0.7957959 -1.2967951 0.342083 -0.4477485 0.44169128
KEN 0.7983396 -0.41025856 -1.0593807 0.014501418 -0.662719 1.1910651 -0.42667922 0.034893762
ZMB 0.58231884 -0.8817462 -0.6283893 0.21210879 -0.71936953 0.7845253 -0.3656695 0.47271013
CAF -0.78244513 -0.10657734 0.36050537 0.8797654 -1.2125856 0.4457776 -0.69531405 0.35767493
NOR -1.1183681 0.47383714 0.5691696 0.819516 -0.790535 0.23456207 0.1373025 -0.58977014
ZAF 0.22130443 -1.008599 -0.79384947 0.26299003 -0.7235963 0.70278007 -0.34489074 0.49776947
NGA -0.9800426 -0.3198185 0.56997156 0.82257056 -1.2726637 0.30495107 -0.58856314 0.35343602
IND 1.1061709 -0.23587152 -1.4267778 -0.29640016 -0.30738792 1.0437742 0.10554071 -0.7532987
TZA 0.8171465 -0.6005036 -1.1596857 0.029745044 -0.53189737 1.0084828 -0.4353811 -0.0521376
BHS -0.75560004 -0.54356265 0.8651019 1.2036476 -0.30853882 -0.6819073 0.29160604 0.009661383
LSO 0.24498953 -0.59450126 -0.7189849 0.2567343 -0.5015304 0.7485116 -0.17696363 -0.007679897
CIV -1.0506154 -0.5117954 0.5527228 0.808627 -1.1396955 0.38583243 -0.43966946 0.4209775
NIC -0.8032052 -0.6385172 1.137243 1.0798475 -0.19608784 -1.1882243 0.6481902 -0.5099427
MYT 0.7161169 -0.74351203 -1.1036601 0.013545416 -0.6099314 1.0001293 -0.29466474 0.14239904
RWA 0.63398683 -0.6530754 -0.79140234 -0.092115335 -0.5880681 1.0627463 -0.115796275 -0.07693218
MDV 1.0915235 -0.4556056 -1.3086334 -0.20635451 -0.33571285 0.9942559 0.08584286 -0.43026534
BDI 0.758629 -0.30347052 -1.0475646 -0.04012681 -0.68112695 1.0153431 -0.24195738 -0.20363566
GNQ -1.2216375 -0.49807754 0.37272602 0.9755793 -1.075312 0.5604369 -0.675117 0.4901165
JAM -0.6608155 -0.665911 1.1323922 1.0861622 -0.18212378 -0.797473 0.43812197 -0.29315117
DNK -1.2278527 0.21377568 0.600179 0.83061266 -0.7448545 0.08518665 0.24813223 -0.55549634
COG -0.77410704 -0.5676261 0.14389268 0.70487046 -1.1760416 0.6038453 -0.5441582 0.63352823
BFA -0.788608 -0.36068222 0.5088347 1.0732561 -1.0470724 0.27195916 -0.6035582 0.5991553
BWA 0.4856418 -0.9420381 -0.806412 0.2550684 -0.35627833 0.7813088 -0.16884255 0.2602996
USA -0.08118209 -1.0561696 0.6957025 0.97631145 0.5249138 -1.0640609 0.7865346 -0.63628256
CYM -0.6420299 -0.65149945 1.1366526 1.1846056 -0.29594105 -1.0097471 0.48421907 -0.046636872
COM 0.8559525 -0.54553086 -1.0678557 0.0893597 -0.5984995 0.86576474 -0.2986479 0.13825947
REU 1.0498297 -0.7030386 -0.94646907 -0.06480148 -0.53113705 0.88591313 -0.18605474 0.0090583395
STP -0.99708104 -0.3680103 0.36420625 0.78170264 -1.2067035 0.5558009 -0.34381393 0.55734694
GRL -0.9529219 0.07751595 0.6719795 0.96424776 -0.67335826 -0.18695074 0.19658734 -0.26432428
AGO -0.40000838 -0.778453 -0.075020894 0.7271689 -0.88397866 0.44682223 -0.43894833 0.7257654
POL -1.2888958 0.5557115 0.6849662 0.8441672 -0.8745178 0.088973746 0.15350324 -0.7383225
BEN -1.0425075 -0.39873022 0.44155803 0.8766909 -1.2065184 0.3183072 -0.27243125 0.6256407
MWI 0.7467241 -0.42705315 -1.1555805 -0.058396872 -0.7169098 1.0820699 -0.3605539 -0.07316137
TJK 1.059793 -0.31692106 -1.158602 -0.1430464 -0.32776064 1.008693 -0.09838989 -0.61425084
ZWE 0.7021011 -0.5932554 -0.87314254 0.25646105 -0.6739901 0.75580573 -0.27147362 0.44601607
PAN -0.34610435 -0.766307 1.0868099 1.1672091 -0.024771769 -1.0591556 0.55446345 -0.17597152
MDG 0.81768364 -0.6759509 -1.0888937 -0.009490618 -0.5086236 0.78785735 -0.07481697 -0.016922766
CUB -0.69580805 -0.61781 1.3018755 1.2949277 -0.1942674 -1.014498 0.55433345 -0.02125443
UZB 1.0933435 -0.02675855 -1.0793108 -0.18547693 -0.4428131 0.9556714 0.17127597 -0.599818
TGO -0.8936684 -0.47550544 0.574152 0.81584096 -1.1897767 0.31627005 -0.5260674 0.42916834
LTU -1.21551 0.2522043 0.6306254 0.86948633 -0.85827756 -0.18381572 0.26211184 -0.48332775
SXM 2.1290512 3.1605477 5.4159513 2.8259501 -4.168951 1.9583874 1.6185923 -0.7859667
MAF 1.9590307 2.9685845 5.289735 3.473803 -4.114603 2.0655777 1.3133068 -0.8002368
CMR -0.96666145 -0.21158445 0.3918574 0.8746041 -1.2318684 0.4142419 -0.44994554 0.49053106
MOZ 0.6249274 -0.96409726 -0.74145657 0.2312106 -0.37183285 0.90255445 -0.27885085 0.29305467
IRN 0.8436849 0.09908228 -1.3927647 -0.055279523 -0.39759982 0.9773651 0.0015557694 -0.7189628
IRQ 0.8842571 -0.0071920333 -1.2892983 -0.43616757 -0.61188525 1.0665946 0.27168217 -0.8418027
GAB -0.7841732 -0.51534295 0.3344462 0.7930389 -1.1781406 0.46135628 -0.588653 0.54991066
KGZ 0.776487 -0.3198703 -1.1052108 -0.22143887 -0.59049946 0.9845115 -0.0037311122 -0.4613335
BLR -1.3748567 0.44171667 0.5650931 0.94641215 -0.97048646 -0.049624357 0.083739705 -0.4736171
ARE 0.98795015 -0.11075242 -0.99255264 -0.14583065 -0.38418403 1.0918964 0.043027464 -0.58479893
AFG 0.90787584 -0.14797486 -1.0166461 -0.2339184 -0.6244931 0.7904103 0.025174664 -0.6117237
HND -0.69472986 -0.60245264 1.3032199 1.228422 -0.15551423 -1.034745 0.42769447 -0.2971824
CRI -0.6407403 -0.5414707 1.0420021 1.2353259 -0.0008288714 -0.8653486 0.60570204 -0.27456835
PAK 1.0270271 -0.17570408 -1.1492336 -0.17056012 -0.28019494 0.8006183 0.109005585 -0.82658565
TCD -0.99181217 -0.30997053 0.5833195 0.9306491 -1.1848571 0.3035046 -0.50757045 0.47586393
TKM 0.6898758 -0.1229608 -1.1571406 -0.16163526 -0.41221988 1.1303277 0.058837943 -0.6670465
LKA 1.300961 -0.60734606 -1.2893469 -0.29746392 -0.23823844 0.886459 0.014706361 -0.65124995
FIN -1.2481713 0.3039424 0.7121826 0.7064965 -1.0186 0.04201558 0.21123877 -0.5674266
MMR 1.4848081 -0.40164036 -1.75538 -0.23532963 0.06244012 0.93863016 0.26895177 -0.761712
LVA -1.196657 0.44154277 0.69972014 0.7287245 -0.9185541 0.27486596 0.3131157 -0.49663466
BLZ -0.86633545 -0.48277715 1.3062129 1.1536919 -0.28523862 -0.9193407 0.42609563 -0.41315117
ECU -0.34587446 -0.85577166 0.9732798 1.1230556 0.11803298 -0.91328245 0.7039045 -0.119238295
EST -1.3881645 0.54331356 0.77668136 1.0579076 -0.9599448 -0.0234236 -0.06646118 -0.5471539
BHR 0.7528253 0.036791373 -1.2826879 -0.21244672 -0.60629535 1.0455573 0.20087868 -0.51830393
SHN -0.14570656 -0.82947433 -0.21611366 0.73963976 -0.7152479 0.37781706 -0.44662404 0.72513175
QAT 0.9263389 -0.21512601 -1.141422 -0.40072176 -0.44659266 1.066102 0.13898014 -0.90123624
SLV -0.5163436 -0.94225276 0.88873184 1.2669129 0.20751564 -1.2359679 0.53587794 -0.31296867
PER -0.47652698 -1.1531774 1.0502038 1.3250332 0.22230129 -1.4539435 0.7128416 -0.1528291
GTM -0.3001743 -1.0340618 0.99381083 0.9893483 0.02865198 -1.0366614 0.5945017 -0.22346358
SGP 1.8040916 -0.60998034 -1.7064766 -0.38526082 0.06998661 1.0089594 0.35124046 -0.7224355
BRA -0.84118783 -1.2647182 0.7508983 1.0097336 -0.8438837 -0.18851198 -0.23368233 0.8830336
KWT 1.0095272 0.24276409 -1.306588 -0.2559141 -0.5806534 1.0379578 0.025981337 -0.84201217
MEX -0.0745907 -0.9171775 1.0417845 1.207391 0.34732965 -1.3153518 0.7363807 -0.34863546
IDN 1.8198924 -1.0753945 -1.6078843 -0.23987989 0.33108705 0.61120576 0.4126582 -0.59538025
MYS 1.7740933 -0.5698548 -1.6514934 -0.223 0.1684084 0.59597874 0.3682443 -0.7785737
VNM 1.9530118 -0.89719707 -1.7677691 -0.21222737 0.52935636 0.76957226 0.2624268 -0.95199466
BRN 1.7795566 -0.6935706 -1.5302645 -0.32086703 0.36406204 0.803454 0.4345884 -1.0985913
PRY -0.4168254 -1.4322436 0.32965592 0.96853065 -0.544547 -0.4306771 -0.20574613 0.76643187
BGD 1.3589218 -0.6941432 -1.6852119 -0.24015307 -0.17089175 0.93598646 -0.10368433 -0.5816434
BTN 1.4673554 -0.60650235 -1.7624271 -0.25156444 -0.06586817 1.022372 -0.11737821 -0.7934427
FLK 0.027650174 -1.7371029 0.07302008 0.72421974 -0.39717802 -0.20398457 -0.22577478 0.75467694
NPL 1.5073181 -0.44134247 -1.6297833 -0.2761931 -0.022398895 0.97966224 0.024504252 -0.858157
KHM 1.7554011 -1.0309215 -1.9349597 -0.2739812 0.4182437 0.9049436 0.3295015 -0.74174273
PLW 2.1034927 -0.9932644 -1.5555736 0.19157356 0.9543775 0.20279084 0.7130376 -0.72593313
TLS 1.8550556 -1.1748163 -1.8260032 -0.19797905 0.4897147 0.34267628 0.6054496 -0.75214803
URY -0.5556053 -0.9926583 0.55573285 1.0919651 -0.78963935 -0.31775355 -0.15456797 0.91469467
ARG -0.2042574 -1.7422276 0.42865917 0.97027564 -0.3430073 -0.5744735 -0.014834678 0.84593713
LAO 1.824648 -0.6106279 -1.8500029 -0.36705714 0.27334598 0.661833 0.52098906 -1.0386803
TWN 1.8833878 -0.8313062 -1.8848261 -0.070682526 0.77903587 0.3215601 0.6997353 -1.1191419
PHL 2.1944582 -0.78232414 -1.8726122 -0.049466867 0.7943213 0.4942266 0.5254619 -1.0382599
HKG 2.0952082 -0.793232 -1.8216325 -0.12297024 0.8364234 0.49360445 0.73411894 -1.1273934
GUM 1.8151737 -1.0387604 -1.5390376 0.28191152 1.2644777 -0.09183796 0.89536685 -1.1183372
THA 1.9885933 -0.65922046 -1.9780126 -0.31084162 0.40911305 0.83950543 0.3872567 -1.0766448
TUV 1.5989772 -1.8773781 -1.3727779 0.8652311 1.6094108 -0.82902735 0.9978985 -0.41961572
CHN 1.9879284 -0.6832373 -1.9878546 0.08853529 1.2262305 0.36635673 1.0222726 -1.2873279
MNP 1.8615619 -1.3150729 -1.4985312 0.222462 1.1760468 -0.09231358 0.9903557 -0.852095
KIR 0.98493254 -1.7800062 -0.3839203 1.0487747 1.3496978 -1.4909532 1.1674114 -0.5019147
BOL -0.28487262 -1.6437062 1.1750422 1.2016679 -0.05657496 -1.0911691 0.29434887 0.3991904
SLB 2.0791905 -1.6235983 -1.3917663 0.34485385 1.2743189 -0.5998339 1.0232784 -0.7202107
NCL 1.8401355 -1.7446424 -1.421963 0.689582 1.5883228 -0.5216828 0.91222715 -0.589566
CHL -0.050580204 -1.6099851 1.0062077 1.2589262 0.2266136 -1.2932383 0.42122057 0.25138482
PNG 1.7120472 -1.5316162 -1.4845464 0.40930566 1.2484502 -0.05788532 0.70718324 -0.6615855
PYF 0.7598331 -1.9820293 -0.3239675 1.0183024 1.3173063 -1.4548653 1.1845891 -0.38569906
MAC 2.0023987 -0.78745335 -1.9088748 -0.12122677 0.789969 0.48530474 0.6492444 -1.1118302
COK 1.0350022 -1.8430575 -0.56475055 0.8991757 1.2757493 -1.2405417 1.0595138 -0.3930495
MHL 1.5457487 -1.4203321 -1.2044064 0.7632101 1.5661427 -0.7069155 1.0781901 -0.7917005
FSM 1.8695024 -1.3105142 -1.6385843 0.11967714 1.1104622 -0.14197525 1.086434 -0.95423204
WSM 1.289416 -1.8740565 -0.8672759 1.0119683 1.5407156 -1.1284319 1.029036 -0.38203475
NRU 1.6358999 -1.640436 -1.2990706 0.5934579 1.3610443 -0.5060499 0.97283816 -0.47408727
ASM 1.2705679 -1.8883753 -0.87009805 1.0259664 1.649257 -1.1696541 1.2905737 -0.37408692
TKL 1.3460191 -1.8771297 -0.956247 1.0933357 1.71334 -1.2032518 1.2104355 -0.38760018
AUS 1.6522377 -1.8562632 -1.4458427 0.30624256 0.81830466 -0.31575084 0.5977216 -0.25580364
NIU 1.2304657 -2.1185458 -0.7501045 1.0018016 1.6089948 -1.2736974 1.1410482 -0.3476393
VUT 1.6791515 -1.7681974 -1.5289346 0.658831 1.4311651 -0.7337481 1.0817018 -0.501212
KOR 1.9798974 -1.1550142 -1.8577623 0.09621569 1.1814064 0.15479392 0.9831961 -0.9872607
TON 1.3803189 -1.9505895 -1.0420786 1.0845597 1.700124 -1.158688 0.9525132 -0.47539163
PRK 2.0689578 -0.737888 -1.9076489 0.11442076 1.3170954 0.13820307 1.0288911 -1.4894431
JPN 1.9392416 -0.90785164 -1.6346302 0.20326132 1.2678871 0.11859358 0.94241107 -1.1892887
MNG 2.1577153 -0.9113075 -1.8201834 -0.07003649 0.7972829 0.21043314 0.72902924 -1.0156256
FJI 1.5926048 -2.0084188 -1.2335068 0.82412076 1.6041 -0.90549034 1.0420172 -0.43911484
NFK 1.7050244 -1.8288509 -1.346737 0.7144618 1.1474189 -0.6978081 0.7800021 -0.06328194
WLF 1.5576245 -1.9369668 -0.91160375 0.8347755 1.569618 -1.168089 1.0906483 -0.51533335
NZL 1.6978464 -1.9717277 -1.0717548 0.75579786 1.3913866 -0.9034248 1.0148773 -0.20798042
SCG -0.17563389 1.6840533 0.4565376 0.098615125 -1.5359071 1.3557799 0.24191718 -0.8574357
SSD 0.21717416 0.20108683 -0.63750243 0.21952209 -1.4490604 1.2923784 -0.72414917 0.33474457
XKX -0.17309014 1.6511484 0.3564359 -0.11331565 -1.5837789 1.0574361 0.8800489 -0.8286153
ESH -0.75465006 0.73997295 1.1514713 0.6951898 -1.3041152 0.38524783 -0.23859288 -0.42498806
VAT -0.17404363 1.4370099 0.28935894 0.18108386 -0.9603132 0.83662176 0.18150909 -1.5035863
